36.6848333 -89.515
36.4446667 -89.5351667
36.4455 -89.5425
36.2695 -89.4481667
36.268 -89.4483333
36.270166700000004 -89.447
36.270166700000004 -89.4481667
36.2678333 -89.447
36.2705 -89.4461667
36.2693333 -89.4468333
36.2688333 -89.4481667
36.2675 -89.45100000000001
36.2696667 -89.4476667
36.2685 -89.4465
36.2703333 -89.44666670000001
36.2693333 -89.4478333
36.2693333 -89.4468333
36.271 -89.4471667
36.27 -89.4486667
36.270166700000004 -89.447
36.2703333 -89.4486667
36.270166700000004 -89.4468333
36.270166700000004 -89.4481667
36.2721667 -89.446
36.2711667 -89.4435
36.2711667 -89.44633329999999
36.271666700000004 -89.44933329999999
36.2715 -89.45100000000001
36.2706667 -89.4468333
36.271 -89.4511667
36.271 -89.4471667
36.27 -89.4486667
36.2723333 -89.4496667
36.2715 -89.4488333
36.2723333 -89.45
36.2725 -89.44933329999999
36.2678333 -89.447
36.2688333 -89.4481667
36.2703333 -89.44666670000001
36.271 -89.4471667
36.2723333 -89.4516667
36.268 -89.4483333
36.270166700000004 -89.4481667
36.2678333 -89.447
36.2711667 -89.4516667
36.2695 -89.4483333
36.2703333 -89.44666670000001
36.2715 -89.45100000000001
36.2693333 -89.4478333
36.271 -89.4471667
36.268 -89.4483333
36.270166700000004 -89.447
36.269 -89.448
36.2703333 -89.4486667
36.270166700000004 -89.4481667
36.2678333 -89.447
36.2705 -89.4461667
36.2693333 -89.4468333
36.2681667 -89.449
36.2688333 -89.4481667
36.2675 -89.45100000000001
36.2696667 -89.4476667
36.2685 -89.4465
36.2695 -89.4483333
36.2703333 -89.44666670000001
36.2693333 -89.4478333
36.2693333 -89.4468333
36.271 -89.4471667
36.27 -89.4486667
36.2703333 -89.44666670000001
36.2706667 -89.4468333
36.271 -89.4471667
36.544000000000004 -89.6668333
36.5431667 -89.6671667
36.305833299999996 -89.4905
36.5431667 -89.6671667
36.4366667 -89.5126667
36.5473333 -89.647
36.5461667 -89.6651667
36.5128333 -89.5928333
36.2695 -89.4483333
36.27 -89.4486667
36.2883333 -89.4676667
36.2913333 -89.473
36.2883333 -89.4676667
36.1253333 -89.728
36.4825 -89.5448333
36.5356667 -89.6018333
36.5356667 -89.6018333
36.538000000000004 -89.6061667
36.5373333 -89.60700000000001
36.5343333 -89.6036667
36.451 -89.5308333
36.0918333 -89.772
36.487333299999996 -89.55933329999999
36.2165 -89.4088333
36.2735 -89.4525
36.0526667 -89.8231667
36.4905 -89.5665
36.4503333 -89.5435
