36.4455 -89.5425
36.270166700000004 -89.447
36.269 -89.448
36.2703333 -89.4486667
36.270166700000004 -89.4481667
36.2678333 -89.447
36.2705 -89.4461667
36.2703333 -89.4461667
36.2693333 -89.4468333
36.2688333 -89.4498333
36.2675 -89.45100000000001
36.2696667 -89.4476667
36.2685 -89.4465
36.2695 -89.4483333
36.2703333 -89.44666670000001
36.2696667 -89.4501667
36.2693333 -89.4478333
36.2693333 -89.4468333
36.2693333 -89.4468333
36.27 -89.4486667
36.270166700000004 -89.447
36.2703333 -89.4486667
36.270166700000004 -89.4468333
36.270166700000004 -89.4481667
36.2705 -89.4461667
36.2703333 -89.4461667
36.2721667 -89.446
36.2711667 -89.4435
36.2711667 -89.44633329999999
36.271666700000004 -89.44933329999999
36.2715 -89.45100000000001
36.2706667 -89.4468333
36.2698333 -89.4476667
36.271 -89.4511667
36.271 -89.4471667
36.27 -89.4486667
36.2723333 -89.4496667
36.2715 -89.4488333
36.2723333 -89.45
36.2715 -89.44666670000001
36.2725 -89.44933329999999
36.2715 -89.44666670000001
36.2703333 -89.4486667
36.270166700000004 -89.4481667
36.2678333 -89.447
36.2705 -89.4461667
36.2681667 -89.449
36.2688333 -89.4481667
36.2688333 -89.4498333
36.2703333 -89.44666670000001
36.271 -89.4471667
36.2693333 -89.4468333
36.27 -89.4486667
36.2695 -89.4481667
36.270166700000004 -89.447
36.2703333 -89.4486667
36.270166700000004 -89.4481667
36.2678333 -89.447
36.2711667 -89.4516667
36.2705 -89.4461667
36.2703333 -89.4461667
36.2693333 -89.4468333
36.2688333 -89.4481667
36.2688333 -89.4498333
36.2695 -89.4483333
36.2703333 -89.44666670000001
36.2715 -89.45100000000001
36.271 -89.4511667
36.2696667 -89.4501667
36.2693333 -89.4478333
36.2693333 -89.4468333
36.271 -89.4471667
36.2693333 -89.4468333
36.27 -89.4486667
36.2715 -89.44666670000001
36.2723333 -89.4496667
36.270166700000004 -89.447
36.269 -89.448
36.2703333 -89.4486667
36.270166700000004 -89.4481667
36.2678333 -89.447
36.2705 -89.4461667
36.2703333 -89.4461667
36.2693333 -89.4468333
36.2681667 -89.449
36.2688333 -89.4481667
36.2688333 -89.4498333
36.2675 -89.45100000000001
36.2696667 -89.4476667
36.2685 -89.4465
36.2695 -89.4483333
36.2703333 -89.44666670000001
36.2693333 -89.4471667
36.2693333 -89.4478333
36.2693333 -89.4468333
36.271 -89.4471667
36.2693333 -89.4468333
36.27 -89.4486667
36.2705 -89.4461667
36.2703333 -89.4461667
36.2703333 -89.44666670000001
36.5388333 -89.6441667
36.5725 -89.6053333
36.4508333 -89.5371667
36.5431667 -89.6671667
36.5431667 -89.6671667
36.4343333 -89.5173333
36.5495 -89.6456667
36.5478333 -89.646
36.2753333 -89.5046667
36.4446667 -89.5351667
36.5461667 -89.6651667
36.136166700000004 -89.7105
36.2695 -89.4483333
36.2706667 -89.4495
36.2691667 -89.4485
36.27 -89.4486667
36.29 -89.4471667
36.2883333 -89.4676667
36.2925 -89.4738333
36.125 -89.7303333
36.5343333 -89.6036667
36.534 -89.6003333
36.5346667 -89.5985
36.5356667 -89.6018333
36.533666700000005 -89.6021667
36.534 -89.6003333
36.535166700000005 -89.60116670000001
36.538000000000004 -89.6061667
36.5373333 -89.60700000000001
36.5343333 -89.6036667
36.487333299999996 -89.55933329999999
36.487333299999996 -89.55933329999999
36.4866667 -89.5636667
36.2301667 -89.4413333
36.2165 -89.4088333
36.48 -89.55066670000001
