-8.985899999999999466e+01 3.620499999999999829e+01
-8.964700000000000557e+01 3.661299999999999955e+01
-8.992900000000000205e+01 3.604200000000000159e+01
-8.955400000000000205e+01 3.586299999999999955e+01
-8.932099999999999795e+01 3.640899999999999892e+01
-8.933100000000000307e+01 3.616499999999999915e+01
-8.966899999999999693e+01 3.653000000000000114e+01
-8.950199999999999534e+01 3.617099999999999937e+01
-8.982299999999999329e+01 3.598100000000000165e+01
-8.945900000000000318e+01 3.641599999999999682e+01
-8.972899999999999920e+01 3.646000000000000085e+01
-8.958299999999999841e+01 3.640299999999999869e+01
-8.951099999999999568e+01 3.625600000000000023e+01
-8.966100000000000136e+01 3.633100000000000307e+01
-8.957899999999999352e+01 3.616599999999999682e+01
-8.988899999999999579e+01 3.652600000000000335e+01
-8.979600000000000648e+01 3.636599999999999966e+01
-8.949800000000000466e+01 3.634799999999999898e+01
-8.967300000000000182e+01 3.575600000000000023e+01
-8.942040000000000077e+01 3.623020000000000351e+01
-8.962600000000000477e+01 3.600900000000000034e+01
-8.945499999999999829e+01 3.597800000000000153e+01
-8.997899999999999920e+01 3.619100000000000250e+01
-9.000799999999999557e+01 3.581000000000000227e+01
-9.008400000000000318e+01 3.587299999999999756e+01
-9.022199999999999420e+01 3.591499999999999915e+01
-9.014700000000000557e+01 3.578399999999999892e+01
-8.934000000000000341e+01 3.591100000000000136e+01
-8.949099999999999966e+01 3.610099999999999909e+01
