-89.472 36.716
-89.752 36.664
-89.6997 36.4137
-89.288 36.269
-89.579 36.166
-89.859 36.205
-89.358 36.717
-89.3757 36.327
-89.331 36.165
-89.669 36.53
-89.702 36.12
-89.377 36.09
-89.502 36.171
-89.303 36.033
-89.661 36.331
-89.889 36.526
-89.865 36.685
-90.059 36.612
-89.998 36.724
-89.4204 36.2302
-89.726 36.711
-89.626 36.009
-89.493 36.796
-89.321 36.409
-89.979 36.191
-89.593 36.698
-89.605 36.774
-89.729 36.46
-89.662 36.409
-89.583 36.403
-89.511 36.256
-89.476 36.631
-89.796 36.366
-89.647 36.613
-89.362 36.852
-89.552 36.588
-89.459 36.416
-89.498 36.348
-89.229 36.541
-89.491 36.101
-89.628 36.45
-89.6997 36.4137
