-8.964700000000000557e+01 3.661299999999999955e+01
-8.932099999999999795e+01 3.640899999999999892e+01
-8.937569999999999482e+01 3.632699999999999818e+01
-8.966899999999999693e+01 3.653000000000000114e+01
-8.945900000000000318e+01 3.641599999999999682e+01
-8.972899999999999920e+01 3.646000000000000085e+01
-8.966200000000000614e+01 3.640899999999999892e+01
-8.958299999999999841e+01 3.640299999999999869e+01
-8.947599999999999909e+01 3.663100000000000023e+01
-8.988899999999999579e+01 3.652600000000000335e+01
-8.954200000000000159e+01 3.653900000000000148e+01
-8.949800000000000466e+01 3.634799999999999898e+01
-8.942040000000000077e+01 3.623020000000000351e+01
-8.992900000000000205e+01 3.604200000000000159e+01
-8.962600000000000477e+01 3.600900000000000034e+01
-8.955400000000000205e+01 3.586299999999999955e+01
-8.945499999999999829e+01 3.597800000000000153e+01
-8.928799999999999670e+01 3.626899999999999835e+01
-8.997899999999999920e+01 3.619100000000000250e+01
-8.933100000000000307e+01 3.616499999999999915e+01
-8.970199999999999818e+01 3.611999999999999744e+01
-8.937699999999999534e+01 3.609000000000000341e+01
-8.950199999999999534e+01 3.617099999999999937e+01
-8.982299999999999329e+01 3.598100000000000165e+01
-8.930299999999999727e+01 3.603300000000000125e+01
-8.966100000000000136e+01 3.633100000000000307e+01
-8.957899999999999352e+01 3.616599999999999682e+01
-8.979600000000000648e+01 3.636599999999999966e+01
-8.934000000000000341e+01 3.591100000000000136e+01
-8.922899999999999920e+01 3.654099999999999682e+01
-8.949099999999999966e+01 3.610099999999999909e+01
