-8.964700000000000557e+01 3.661299999999999955e+01
-8.972599999999999909e+01 3.671099999999999852e+01
-8.937569999999999482e+01 3.632699999999999818e+01
-8.959300000000000352e+01 3.669800000000000040e+01
-8.966899999999999693e+01 3.653000000000000114e+01
-8.960500000000000398e+01 3.677400000000000091e+01
-8.972899999999999920e+01 3.646000000000000085e+01
-8.958299999999999841e+01 3.640299999999999869e+01
-8.988899999999999579e+01 3.652600000000000335e+01
-8.956600000000000250e+01 3.632500000000000284e+01
-8.966100000000000136e+01 3.633100000000000307e+01
-8.951099999999999568e+01 3.625600000000000023e+01
-8.962800000000000011e+01 3.645000000000000284e+01
