-8.969970000000000709e+01 3.641369999999999862e+01
-8.928799999999999670e+01 3.626899999999999835e+01
-8.997899999999999920e+01 3.619100000000000250e+01
-8.975199999999999534e+01 3.666400000000000148e+01
-8.951099999999999568e+01 3.625600000000000023e+01
-8.966100000000000136e+01 3.633100000000000307e+01
-8.979600000000000648e+01 3.636599999999999966e+01
-9.005899999999999750e+01 3.661200000000000188e+01
-8.949299999999999500e+01 3.679599999999999937e+01
-8.937569999999999482e+01 3.632699999999999818e+01
-8.959300000000000352e+01 3.669800000000000040e+01
-8.966899999999999693e+01 3.653000000000000114e+01
-8.960500000000000398e+01 3.677400000000000091e+01
-8.955200000000000671e+01 3.658800000000000097e+01
-8.945900000000000318e+01 3.641599999999999682e+01
-8.966200000000000614e+01 3.640899999999999892e+01
-8.958299999999999841e+01 3.640299999999999869e+01
-8.947599999999999909e+01 3.663100000000000023e+01
-8.988899999999999579e+01 3.652600000000000335e+01
-8.954200000000000159e+01 3.653900000000000148e+01
-8.986499999999999488e+01 3.668500000000000227e+01
-8.964700000000000557e+01 3.661299999999999955e+01
-8.936199999999999477e+01 3.685199999999999676e+01
-8.972599999999999909e+01 3.671099999999999852e+01
-8.932099999999999795e+01 3.640899999999999892e+01
-8.983899999999999864e+01 3.688900000000000290e+01
-8.972899999999999920e+01 3.646000000000000085e+01
-8.922899999999999920e+01 3.654099999999999682e+01
-8.962800000000000011e+01 3.645000000000000284e+01
