-8.933100000000000307e+01 3.616499999999999915e+01
-8.946240000000000236e+01 3.629769999999999897e+01
-8.957899999999999352e+01 3.616599999999999682e+01
-8.942040000000000077e+01 3.623020000000000351e+01
-8.928799999999999670e+01 3.626899999999999835e+01
-8.950199999999999534e+01 3.617099999999999937e+01
-8.956600000000000250e+01 3.632500000000000284e+01
-8.951099999999999568e+01 3.625600000000000023e+01
-8.932099999999999795e+01 3.640899999999999892e+01
-8.937569999999999482e+01 3.632699999999999818e+01
-8.949099999999999966e+01 3.610099999999999909e+01
