-8.964700000000000557e+01 3.661299999999999955e+01
-8.935800000000000409e+01 3.671699999999999875e+01
-8.932099999999999795e+01 3.640899999999999892e+01
-8.937569999999999482e+01 3.632699999999999818e+01
-8.966899999999999693e+01 3.653000000000000114e+01
-8.945900000000000318e+01 3.641599999999999682e+01
-8.972899999999999920e+01 3.646000000000000085e+01
-8.966200000000000614e+01 3.640899999999999892e+01
-8.958299999999999841e+01 3.640299999999999869e+01
-8.951099999999999568e+01 3.625600000000000023e+01
-8.966100000000000136e+01 3.633100000000000307e+01
-8.946240000000000236e+01 3.629769999999999897e+01
-8.979600000000000648e+01 3.636599999999999966e+01
