-9.008400000000000318e+01 3.587299999999999756e+01
-9.000799999999999557e+01 3.581000000000000227e+01
-9.001800000000000068e+01 3.596500000000000341e+01
-8.949099999999999966e+01 3.610099999999999909e+01
-8.986199999999999477e+01 3.611299999999999955e+01
-8.985899999999999466e+01 3.620499999999999829e+01
-8.992900000000000205e+01 3.604200000000000159e+01
-8.970199999999999818e+01 3.611999999999999744e+01
-8.962600000000000477e+01 3.600900000000000034e+01
-8.950199999999999534e+01 3.617099999999999937e+01
-8.982299999999999329e+01 3.598100000000000165e+01
-8.945499999999999829e+01 3.597800000000000153e+01
-8.997899999999999920e+01 3.619100000000000250e+01
-8.955400000000000205e+01 3.586299999999999955e+01
-8.937699999999999534e+01 3.609000000000000341e+01
