-8.975199999999999534e+01 3.666400000000000148e+01
-8.964700000000000557e+01 3.661299999999999955e+01
-8.932099999999999795e+01 3.640899999999999892e+01
-8.947599999999999909e+01 3.663100000000000023e+01
-8.988899999999999579e+01 3.652600000000000335e+01
-8.935800000000000409e+01 3.671699999999999875e+01
-8.966899999999999693e+01 3.653000000000000114e+01
-8.972899999999999920e+01 3.646000000000000085e+01
-8.958299999999999841e+01 3.640299999999999869e+01
-8.956600000000000250e+01 3.632500000000000284e+01
-8.966100000000000136e+01 3.633100000000000307e+01
