-8.962800000000000011e+01 3.645000000000000284e+01
-8.964700000000000557e+01 3.661299999999999955e+01
-8.932099999999999795e+01 3.640899999999999892e+01
-8.928799999999999670e+01 3.626899999999999835e+01
-8.937569999999999482e+01 3.632699999999999818e+01
-8.959300000000000352e+01 3.669800000000000040e+01
-8.933100000000000307e+01 3.616499999999999915e+01
-8.966899999999999693e+01 3.653000000000000114e+01
-8.992000000000000171e+01 3.662500000000000000e+01
-8.945900000000000318e+01 3.641599999999999682e+01
-8.972899999999999920e+01 3.646000000000000085e+01
-8.957899999999999352e+01 3.616599999999999682e+01
-8.954200000000000159e+01 3.653900000000000148e+01
-8.949800000000000466e+01 3.634799999999999898e+01
-8.951099999999999568e+01 3.625600000000000023e+01
-8.956600000000000250e+01 3.632500000000000284e+01
-8.962600000000000477e+01 3.600900000000000034e+01
-8.966100000000000136e+01 3.633100000000000307e+01
